9502
373
3260
5869

2 4 5 7 12 13 14 15 16 17 19 20 21 22 23 24 32 33 34 35 36 38 40 41 42 43 44 45 46 47 48 49 50 53 54 55 57 59 60 61 62 63 64 65 66 67 68 70 71 72 74 75 76 79 80 81 84 85 86 88 91 93 96 107 108 109 110 111 113 114 115 116 118 119 122 123 124 125 126 128 129 130 131 133 134 135 136 138 139 140 142 143 144 145 149 158 159 161 163 164 165 166 168 170 171 172 173 174 178 179 180 181 187 188 191 192 193 194 195 196 197 25 39 169 186 29 102 103 177 198 51 90 3 9 30 77 78 120 121 154 157 184 189 56 58 141 152 11 175 8 10 106 153 160 83 182 151 

4
156 112 117 97 98 37 92 95 94 183 6 147 89
27 69 132 176 1 101 162 31 190 148 52 127 167 146
28 185 26 105 150 155 73 137 87 100 99 104 82
18 199
