28613
979
24440
3194

4 9 11 15 17 19 20 23 24 25 29 30 32 33 36 38 39 48 49 51 54 55 64 65 66 67 68 70 71 80 81 86 88 102 103 107 108 113 120 122 123 124 125 126 128 130 131 134 135 136 139 140 143 158 160 161 163 164 165 168 170 174 177 179 181 187 188 189 43 121 198 45 155 185 175 

10
156 112 117 97 98 37 92 95 94 183 6 147 89
27 167 69 132 176 1 101 162 31 190 127 46 7 52 146
28 111 50 157 184 12 109 195 149 26 105 58 100
53 40 21 73 72 74 171 22 133 75 197 110 180
152 137 13 87 144 57 178 2 115 145 41 56 186
154 138 76 196 116 77 3 79 129 169 78 34 35
166 60 18 153 106 194 182 148 62 159 63 90 10
104 99 93 85 193 91 191 44 119 192 59
96 151 172 42 142 14 141 16 61 173 84 5 83 199 8
118 114 82 47 150
