24253
719
19552
3982

4 5 9 14 15 16 17 19 20 23 24 25 29 32 33 36 38 39 42 44 48 49 51 54 55 60 61 62 63 64 65 66 67 68 70 71 80 81 86 88 90 93 102 103 107 108 113 118 122 123 124 125 126 128 130 131 134 135 136 139 140 142 143 158 159 161 163 164 165 168 170 172 173 174 177 179 181 187 188 189 191 192 193 194 43 96 45 198 85 30 120 121 155 185 11 160 59 119 141 151 47 

8
156 112 117 97 98 37 92 95 94 183 6 147 89
27 167 69 132 176 1 101 162 31 190 127 46 7 52 146
28 111 50 157 184 150 12 109 195 149 26 105 58
53 40 21 73 72 74 171 22 133 75 197 110 180
152 137 13 87 144 57 178 2 115 145 41 56 186
154 138 76 196 116 77 3 79 129 169 78 34 35
166 83 199 8 114 82 175 10 148 182 106 153 18
99 104 100 91 84
